207
205
205
205
205
205
205
176
176
175
175
174
172
171
171
160
160
160
160
160
160
160
160
160
160
160
160
160
160
160
160
160
159
159
159
159
159
159
159
157
157
157
157
157
157
157
157
157
156
156
154
152
152
152
152
152
152
152
150
150
150
150
150
150
150
150
152
146
140
140
140
139
139
139
139
139
138
138
138
138
138
138
138
138
138
137
130
130
130
131
131
131
131
131
131
131
131
131
131
131
131
131
133
132
132
131
131
131
131
131
131
131
131
131
131
131
131
130
130
130
130
130
130
130
130
130
130
130
130
130
130
130
130
130
130
128
128
128
128
128
128
128
127
127
127
125
125
125
124
123
125
125
125
125
125
125
123
123
124
123
124
124
123
122
122
122
122
122
122
122
121
121
119
119
119
119
118
118
119
119
119
119
119
119
119
118
118
118
118
117
119
119
119
119
119
118
118
117
117
116

